radix 1	1	1	1	1	1	1	1	1	1	1	1	1	1	1	1	1	1	1	1	1	1	1	1	1	1	1	1	1	1	1	1
vname Input_1	Input_2	Input_3	Input_4	Input_5	Input_6	Input_7	Input_8	Input_9	Input_10	Input_11	Input_12	Input_13	Input_14	Input_15	Input_16	Input_17	Input_18	Input_19	Input_20	Input_21	Input_22	Input_23	Input_24	Input_25	Input_26	Input_27	Input_28	Input_29	Input_30	Input_31	Input_32
io i	i	i	i	i	i	i	i	i	i	i	i	i	i	i	i	i	i	i	i	i	i	i	i	i	i	i	i	i	i	i	i

tunit ns
slope 0.05
Tdelay 0.0
vih 0.7
vil 0

0 		0 	0   0   0   0   0   0 	0   0   0   0   0   0 	0   0   0   0   0   0 	0   0   0   0   0   0 	0   0   0   0   0   0 	0
0.35	0	1	0	1	1	0	0	1	1	0	1	0	1	0	1	1	1	1	0	1	1	1	0	0	1	0	1	0	0	1	0	0
0.7		1	1	0	0	1	0	1	0	1	0	1	0	1	1	1	1	0	0	0	1	1	1	0	1	0	1	0	0	1	1	0	1
1.05	0	0	1	1	0	1	1	1	0	1	1	0	0	1	0	0	1	0	1	0	1	0	1	1	0	1	0	0	0	1	1	0
1.4		1	1	0	1	1	0	1	1	1	1	1	1	0	1	1	0	1	0	0	1	1	1	1	0	0	0	0	1	1	0	1	1
1.75	1	1	0	1	1	0	1	1	1	1	1	1	0	1	1	0	1	0	0	1	1	1	1	0	0	0	0	1	1	0	1	1
2.1		0	1	0	1	1	0	0	1	1	0	1	0	1	0	1	1	1	1	0	1	1	1	0	0	1	0	1	0	0	1	0	0
2.45	1	1	0	0	0	1	1	1	1	1	1	1	0	1	1	1	1	0	1	0	0	1	0	1	1	1	0	1	1	0	0	1
2.8		1	0	1	1	0	0	1	1	1	1	0	1	1	0	1	1	0	1	0	0	1	0	1	1	1	0	0	1	1	1	1	0
3.15	0	1	0	0	0	1	1	1	1	0	1	1	1	1	1	1	1	0	1	0	1	0	1	1	0	0	0	0	1	1	1	0
3.5		0	1	0	0	0	1	1	1	1	0	1	1	1	1	1	1	1	0	1	0	1	0	1	1	0	0	0	0	1	1	1	0
3.85	1	1	0	1	0	1	1	0	0	1	0	1	1	1	0	0	0	1	1	0	0	1	1	1	0	1	1	0	1	1	0	0
4.2	    0	1	1	1	1	0	1	0	0	1	0	0	1	1	1	1	0	1	1	1	0	0	1	1	1	1	1	1	0	0	0	1
4.55	1	1	1	1	0	1	0	1	1	1	1	0	0	1	1	1	0	1	0	1	1	1	0	0	0	1	1	1	0	1	1	0
4.9	1	0	1	0	1	0	0	1	1	1	1	0	0	1	1	1	1	0	0	1	1	0	0	0	1	1	1	0	1	0	0	1
5.25	1	0	1	0	1	0	0	1	1	1	1	0	0	1	1	1	1	0	0	1	1	0	0	0	1	1	1	0	1	0	0	1
5.6 	1	0	1	0	1	1	0	0	0	1	0	1	1	0	1	1	0	1	1	1	0	1	1	1	0	1	1	0	1	0	1	1
5.95	0	1	1	0	1	1	0	0	0	1	1	0	0	1	1	1	1	0	0	0	0	1	1	1	1	0	1	1	1	0	1	0
6.3 	0	0	1	0	1	0	1	1	0	0	0	1	1	1	0	1	0	1	0	1	1	1	0	1	0	1	0	1	1	1	0	0
6.65	1	1	1	1	0	1	1	0	1	1	0	0	1	0	0	1	1	0	1	1	1	0	1	1	0	0	1	1	0	1	1	1
7.0		1	1	1	1	0	1	1	0	1	1	0	0	1	0	0	1	1	0	1	1	1	0	1	1	0	0	1	1	0	1	1	1



