radix 1	1	1	1	1	1	1	1	1	1	1	1	1	1	1	1	1	1	1	1	1	1	1	1	1	1	1	1	1	1	1	1
vname Input_1	Input_2	Input_3	Input_4	Input_5	Input_6	Input_7	Input_8	Input_9	Input_10	Input_11	Input_12	Input_13	Input_14	Input_15	Input_16	Input_17	Input_18	Input_19	Input_20	Input_21	Input_22	Input_23	Input_24	Input_25	Input_26	Input_27	Input_28	Input_29	Input_30	Input_31	Input_32
io i	i	i	i	i	i	i	i	i	i	i	i	i	i	i	i	i	i	i	i	i	i	i	i	i	i	i	i	i	i	i	i

tunit ns
slope 0.05
Tdelay 0.0
vih 0.7
vil 0

0		0	0	0	0	0	0	0	0	0	0	0	0	0	0	0	0	0	0	0	0	0	0	0	0	0	0	0	0	0	0	0	0
1.5		0	1	0	1	1	0	0	1	1	0	1	0	1	0	1	1	1	1	0	1	1	1	0	0	1	0	1	0	0	1	0	0
3		1	1	0	0	1	0	1	0	1	0	1	0	1	1	1	1	0	0	0	1	1	1	0	1	0	1	0	0	1	1	0	1
4.5		0	0	1	1	0	1	1	1	0	1	1	0	0	1	0	0	1	0	1	0	1	0	1	1	0	1	0	0	0	1	1	0
6		1	1	0	1	1	0	1	1	1	1	1	1	0	1	1	0	1	0	0	1	1	1	1	0	0	0	0	1	1	0	1	1
7.5		1	1	0	1	1	0	1	1	1	1	1	1	0	1	1	0	1	0	0	1	1	1	1	0	0	0	0	1	1	0	1	1
9		0	1	0	1	1	0	0	1	1	0	1	0	1	0	1	1	1	1	0	1	1	1	0	0	1	0	1	0	0	1	0	0
10.5	1	1	0	0	0	1	1	1	1	1	1	1	0	1	1	1	1	0	1	0	0	1	0	1	1	1	0	1	1	0	0	1
12		1	0	1	1	0	0	1	1	1	1	0	1	1	0	1	1	0	1	0	0	1	0	1	1	1	0	0	1	1	1	1	0
13.5	0	1	0	0	0	1	1	1	1	0	1	1	1	1	1	1	1	0	1	0	1	0	1	1	0	0	0	0	1	1	1	0
15		0	1	0	0	0	1	1	1	1	0	1	1	1	1	1	1	1	0	1	0	1	0	1	1	0	0	0	0	1	1	1	0
16.5	1	1	0	1	0	1	1	0	0	1	0	1	1	1	0	0	0	1	1	0	0	1	1	1	0	1	1	0	1	1	0	0
18		0	1	1	1	1	0	1	0	0	1	0	0	1	1	1	1	0	1	1	1	0	0	1	1	1	1	1	1	0	0	0	1
19.5	1	1	1	1	0	1	0	1	1	1	1	0	0	1	1	1	0	1	0	1	1	1	0	0	0	1	1	1	0	1	1	0
21		1	0	1	0	1	0	0	1	1	1	1	0	0	1	1	1	1	0	0	1	1	0	0	0	1	1	1	0	1	0	0	1
22.5	1	0	1	0	1	0	0	1	1	1	1	0	0	1	1	1	1	0	0	1	1	0	0	0	1	1	1	0	1	0	0	1
24		1	0	1	0	1	1	0	0	0	1	0	1	1	0	1	1	0	1	1	1	0	1	1	1	0	1	1	0	1	0	1	1
25.5	0	1	1	0	1	1	0	0	0	1	1	0	0	1	1	1	1	0	0	0	0	1	1	1	1	0	1	1	1	0	1	0
27		0	0	1	0	1	0	1	1	0	0	0	1	1	1	0	1	0	1	0	1	1	1	0	1	0	1	0	1	1	1	0	0
28.5	1	1	1	1	0	1	1	0	1	1	0	0	1	0	0	1	1	0	1	1	1	0	1	1	0	0	1	1	0	1	1	1
30		1	1	1	1	0	1	1	0	1	1	0	0	1	0	0	1	1	0	1	1	1	0	1	1	0	0	1	1	0	1	1	1


